   lat   lon           
   28.3618211       121.7658764
   28.3624175       121.8336181
   28.3631157       121.9183031
   28.3637613       122.0029911
   28.3643544       122.0876817
   28.3650672       122.2012867
   28.3656855       122.3148952
   28.3662091       122.4285074
   28.3666730       122.5526673
   28.3670238       122.6768302
   28.3672616       122.8009945
   28.3673973       122.9489728
   28.3673724       123.0969516
   28.3671868       123.2449295
   28.3668407       123.3929054
   28.3663339       123.5408781
   28.3656666       123.6888463
   28.3648387       123.8368089
   28.3638503       123.9847647
   28.3627014       124.1327123
   28.3613920       124.2806507
   28.3599222       124.4285786
   28.4941529       124.4303824
   28.6283808       124.4321986
   28.7626060       124.4340272
   28.8968284       124.4358684
   29.0310480       124.4377221
   29.1652671       124.4395886
   29.2994812       124.4414677
   29.4336924       124.4433597
   29.5679008       124.4452645
   29.7021064       124.4471823
   29.8363091       124.4491131
   29.9705090       124.4510570
   30.1047061       124.4530140
   30.2389003       124.4549843
   30.3730916       124.4569679
   30.5072800       124.4589649
   30.6414656       124.4609753
   30.7756483       124.4629993
   30.9098303       124.4650370
   31.0440071       124.4670883
   31.1781811       124.4691534
   31.3123521       124.4712324
   31.4465202       124.4733253
   31.5806853       124.4754323
   31.7148475       124.4775533
   31.8490068       124.4796885
   31.9831631       124.4818381
   32.1173164       124.4840019
   32.2514667       124.4861803
   32.3856141       124.4883731
   32.5197607       124.4905807
   32.6539021       124.4928029
   32.7880404       124.4950399
   32.9221758       124.4972918
   33.0563081       124.4995587
   33.1904374       124.5018407
   33.3245636       124.5041378
   33.4586869       124.5064502
   33.5928070       124.5087780
   33.7269241       124.5111212
   33.8610382       124.5134800
   33.9951492       124.5158544
   34.1292593       124.5182447
   34.2507611       124.4650430
   34.2889442       124.3168317
   34.2905745       124.1552428
   34.2919918       123.9936410
   34.2931959       123.8320296
   34.2941869       123.6704093
   34.2949647       123.5087814
   34.2955293       123.3471488
   34.2958806       123.1855122
   34.2960188       123.0238740
   34.2959436       122.8622352
   34.2956553       122.7005978
   34.2951536       122.5389639
   34.2945637       122.4024020
   34.2938215       122.2658445
   34.2929271       122.1292928
   34.2918806       121.9927474
   34.2907118       121.8594071
   34.2893979       121.7260750
   34.2879386       121.5927228
   34.2863343       121.4593807
   34.2849106       121.3500478
   34.2833893       121.2407224
   34.2817706       121.1314059
   34.2800968       121.0247222
   34.2783302       120.9180476
   34.2764709       120.8113825
   34.2745188       120.7047274
   34.2724300       120.5958425
   34.2702446       120.4869688
   34.2679627       120.3781073
